26 4096 1632
0 18 3600 48 32 32
1 19 4080 48 32 32
2 0 3824 48 512 32
3 2 3760 272 32 32
4 23 3856 368 32 32
5 2 3824 80 32 32
6 4 3952 208 32 32
7 0 3984 176 128 32
8 0 3760 240 256 32
9 30 4048 80 32 32
10 30 4048 112 32 32
11 30 4048 144 32 32
12 32 4048 208 32 32
13 32 4048 240 32 32
14 30 4048 272 32 32
15 30 4048 304 32 32
16 30 4048 336 32 32
17 30 4048 368 32 32
18 30 3632 272 32 32
19 30 3600 304 32 32
20 30 3600 336 32 32
21 30 3600 368 32 32
22 30 4016 272 32 32
23 6 3792 176 32 32
24 13 4016 224 32 32
25 13 3728 286 32 32
0 0 4096 4096 
1 0 4096 2048 
9 0 4096 1024 
10 1024 4096 1024 
11 0 2048 1024 
12 1024 2048 1024 
2 2048 4096 2048 
17 2048 4096 1024 
18 3072 4096 1024 
19 2048 2048 1024 
20 3072 2048 1024 
3 0 2048 2048 
25 0 2048 1024 
26 1024 2048 1024 
27 0 1024 1024 
28 1024 1024 1024 
4 2048 2048 2048 
33 2048 2048 1024 
34 3072 2048 1024 
35 2048 1024 1024 
36 3072 1024 1024 25 24 23 22 21 20 19 18 17 16 15 14 13 12 11 10 9 8 7 6 5 4 3 2 1 0