29 7168 1248
0 18 4080 960 32 32
1 19 7152 960 32 32
2 0 4848 976 1568 32
3 0 5728 976 64 32
4 0 5856 976 64 32
5 0 6304 976 704 32
6 0 6688 944 64 32
7 0 6736 912 32 32
8 0 6768 880 32 32
9 0 6912 816 512 32
10 6 4208 1056 32 32
11 34 4624 1120 32 32
12 34 4688 1120 32 32
13 34 5072 1152 32 32
14 34 5200 1152 32 32
15 34 5584 1120 32 32
16 14 4912 1024 32 32
17 14 5456 1024 32 32
18 13 5712 1024 32 32
19 13 5840 1024 32 32
20 14 6448 1024 32 32
21 6 6576 1056 32 32
22 6 6704 1024 32 32
23 6 6864 928 32 32
24 6 6960 928 32 32
25 6 7088 928 32 32
26 35 6800 875 32 32
27 35 7120 875 32 32
28 12 6320 1056 32 32
0 0 7168 7168 
1 0 7168 3584 
9 0 7168 1792 
73 0 7168 896 
74 896 7168 896 
75 0 3584 896 
76 896 3584 896 
10 1792 7168 1792 
81 1792 7168 896 
82 2688 7168 896 
83 1792 3584 896 
84 2688 3584 896 
11 0 3584 1792 
89 0 3584 896 
90 896 3584 896 
91 0 1792 896 
92 896 1792 896 
12 1792 3584 1792 
97 1792 3584 896 
98 2688 3584 896 
99 1792 1792 896 
100 2688 1792 896 
2 3584 7168 3584 
17 3584 7168 1792 
137 3584 7168 896 
138 4480 7168 896 
139 3584 3584 896 
140 4480 3584 896 
18 5376 7168 1792 
145 5376 7168 896 
146 6272 7168 896 
147 5376 3584 896 
148 6272 3584 896 
19 3584 3584 1792 
153 3584 3584 896 
154 4480 3584 896 
155 3584 1792 896 10 0 
156 4480 1792 896 16 14 13 12 11 2 
20 5376 3584 1792 
161 5376 3584 896 
162 6272 3584 896 
163 5376 1792 896 19 18 17 15 4 3 
164 6272 1792 896 28 25 24 23 22 21 20 8 7 6 5 1 
3 0 3584 3584 
25 0 3584 1792 
201 0 3584 896 
202 896 3584 896 
203 0 1792 896 
204 896 1792 896 
26 1792 3584 1792 
209 1792 3584 896 
210 2688 3584 896 
211 1792 1792 896 
212 2688 1792 896 
27 0 1792 1792 
217 0 1792 896 
218 896 1792 896 
219 0 896 896 
220 896 896 896 
28 1792 1792 1792 
225 1792 1792 896 
226 2688 1792 896 
227 1792 896 896 
228 2688 896 896 
4 3584 3584 3584 
33 3584 3584 1792 
265 3584 3584 896 
266 4480 3584 896 
267 3584 1792 896 
268 4480 1792 896 
34 5376 3584 1792 
273 5376 3584 896 
274 6272 3584 896 
275 5376 1792 896 
276 6272 1792 896 
35 3584 1792 1792 
281 3584 1792 896 
282 4480 1792 896 
283 3584 896 896 
284 4480 896 896 
36 5376 1792 1792 
289 5376 1792 896 
290 6272 1792 896 
291 5376 896 896 
292 6272 896 896 27 26 9