32 7168 1248
0 18 16 64 32 32
1 19 1520 64 32 32
2 0 192 80 128 32
3 0 816 48 1120 32
4 0 1424 80 160 32
5 30 1520 128 32 32
6 30 1520 160 32 32
7 30 1520 192 32 32
8 0 608 144 64 32
9 0 864 144 64 32
10 0 96 144 64 32
11 0 288 208 192 32
12 30 48 352 32 32
13 30 48 320 32 32
14 30 48 288 32 32
15 30 48 256 32 32
16 30 48 224 32 32
17 30 48 192 32 32
18 31 880 178 32 32
19 31 624 178 32 32
20 31 336 240 32 32
21 11 1328 128 32 32
22 6 1200 128 32 32
23 6 1040 128 32 32
24 6 880 128 32 32
25 6 720 128 32 32
26 6 560 128 32 32
27 6 176 160 32 32
28 33 80 180 32 32
29 6 304 288 32 32
30 1 304 240 32 32
31 23 208 352 32 32
0 0 7168 7168 
1 0 7168 3584 
9 0 7168 1792 
73 0 7168 896 
74 896 7168 896 
75 0 3584 896 
76 896 3584 896 
10 1792 7168 1792 
81 1792 7168 896 
82 2688 7168 896 
83 1792 3584 896 
84 2688 3584 896 
11 0 3584 1792 
89 0 3584 896 
90 896 3584 896 
91 0 1792 896 
92 896 1792 896 
12 1792 3584 1792 
97 1792 3584 896 
98 2688 3584 896 
99 1792 1792 896 
100 2688 1792 896 
2 3584 7168 3584 
17 3584 7168 1792 
137 3584 7168 896 
138 4480 7168 896 
139 3584 3584 896 
140 4480 3584 896 
18 5376 7168 1792 
145 5376 7168 896 
146 6272 7168 896 
147 5376 3584 896 
148 6272 3584 896 
19 3584 3584 1792 
153 3584 3584 896 
154 4480 3584 896 
155 3584 1792 896 
156 4480 1792 896 
20 5376 3584 1792 
161 5376 3584 896 
162 6272 3584 896 
163 5376 1792 896 
164 6272 1792 896 
3 0 3584 3584 
25 0 3584 1792 
201 0 3584 896 
202 896 3584 896 
203 0 1792 896 
204 896 1792 896 
26 1792 3584 1792 
209 1792 3584 896 
210 2688 3584 896 
211 1792 1792 896 
212 2688 1792 896 
27 0 1792 1792 
217 0 1792 896 
218 896 1792 896 
219 0 896 896 31 30 29 28 27 26 25 24 20 19 18 17 16 15 14 13 12 11 10 9 8 3 2 0 
220 896 896 896 23 22 21 7 6 5 4 1 
28 1792 1792 1792 
4 3584 3584 3584