24 7168 1248
0 18 1520 576 32 32
1 19 3056 544 32 32
2 0 2256 528 1504 32
3 30 3024 576 32 32
4 30 3024 608 32 32
5 30 3024 640 32 32
6 30 3024 672 32 32
7 30 3024 704 32 32
8 30 3024 736 32 32
9 30 3024 768 32 32
10 0 1300 1720 64 32
11 0 2880 656 128 32
12 6 1744 608 32 32
13 6 1616 672 32 32
14 12 2128 640 32 32
15 12 2480 576 32 32
16 12 2928 608 32 32
17 6 2896 608 32 32
18 21 1557 608 32 32
19 6 2672 672 32 32
20 13 2896 704 32 32
21 2 2704 560 32 32
22 1 2803 742 32 32
23 23 2736 768 32 32
0 0 7168 7168 
1 0 7168 3584 
9 0 7168 1792 
73 0 7168 896 
74 896 7168 896 
75 0 3584 896 
76 896 3584 896 
10 1792 7168 1792 
81 1792 7168 896 
82 2688 7168 896 
83 1792 3584 896 
84 2688 3584 896 
11 0 3584 1792 
89 0 3584 896 
90 896 3584 896 
91 0 1792 896 
92 896 1792 896 
12 1792 3584 1792 
97 1792 3584 896 
98 2688 3584 896 
99 1792 1792 896 
100 2688 1792 896 
2 3584 7168 3584 
17 3584 7168 1792 
137 3584 7168 896 
138 4480 7168 896 
139 3584 3584 896 
140 4480 3584 896 
18 5376 7168 1792 
145 5376 7168 896 
146 6272 7168 896 
147 5376 3584 896 
148 6272 3584 896 
19 3584 3584 1792 
153 3584 3584 896 
154 4480 3584 896 
155 3584 1792 896 
156 4480 1792 896 
20 5376 3584 1792 
161 5376 3584 896 
162 6272 3584 896 
163 5376 1792 896 
164 6272 1792 896 
3 0 3584 3584 
25 0 3584 1792 
201 0 3584 896 
202 896 3584 896 
203 0 1792 896 
204 896 1792 896 
26 1792 3584 1792 
209 1792 3584 896 
210 2688 3584 896 
211 1792 1792 896 
212 2688 1792 896 
27 0 1792 1792 
217 0 1792 896 
218 896 1792 896 
219 0 896 896 
220 896 896 896 13 12 10 0 
28 1792 1792 1792 
225 1792 1792 896 
226 2688 1792 896 
227 1792 896 896 19 15 14 2 
228 2688 896 896 23 22 21 20 18 17 16 11 9 8 7 6 5 4 3 1 
4 3584 3584 3584