23 7168 1248
0 18 2512 928 32 32
1 19 4080 928 32 32
2 0 2592 912 64 32
3 0 2992 912 672 32
4 0 3488 912 192 32
5 0 3776 912 256 32
6 0 3936 944 64 32
7 0 4032 976 400 32
8 30 4048 1120 32 32
9 30 4048 1152 32 32
10 34 3120 1088 32 32
11 6 3120 1056 32 32
12 6 2896 1024 32 32
13 6 2768 992 32 32
14 14 3280 960 32 32
15 13 3568 960 32 32
16 13 3664 960 32 32
17 14 3824 960 32 32
18 22 4080 1024 32 32
19 6 4016 1088 32 32
20 6 3952 1024 32 32
21 24 2736 832 32 32
22 3 2624 944 32 32
0 0 7168 7168 
1 0 7168 3584 
9 0 7168 1792 
73 0 7168 896 
74 896 7168 896 
75 0 3584 896 
76 896 3584 896 
10 1792 7168 1792 
81 1792 7168 896 
82 2688 7168 896 
83 1792 3584 896 
84 2688 3584 896 
11 0 3584 1792 
89 0 3584 896 
90 896 3584 896 
91 0 1792 896 
92 896 1792 896 
12 1792 3584 1792 
97 1792 3584 896 
98 2688 3584 896 
99 1792 1792 896 22 2 0 
100 2688 1792 896 15 14 13 12 11 10 4 3 
2 3584 7168 3584 
17 3584 7168 1792 
137 3584 7168 896 
138 4480 7168 896 
139 3584 3584 896 
140 4480 3584 896 
18 5376 7168 1792 
145 5376 7168 896 
146 6272 7168 896 
147 5376 3584 896 
148 6272 3584 896 
19 3584 3584 1792 
153 3584 3584 896 
154 4480 3584 896 
155 3584 1792 896 20 19 18 17 16 9 8 7 6 5 1 
156 4480 1792 896 
20 5376 3584 1792 
161 5376 3584 896 
162 6272 3584 896 
163 5376 1792 896 
164 6272 1792 896 
3 0 3584 3584 
25 0 3584 1792 
201 0 3584 896 
202 896 3584 896 
203 0 1792 896 
204 896 1792 896 
26 1792 3584 1792 
209 1792 3584 896 
210 2688 3584 896 
211 1792 1792 896 
212 2688 1792 896 
27 0 1792 1792 
217 0 1792 896 
218 896 1792 896 
219 0 896 896 
220 896 896 896 
28 1792 1792 1792 
225 1792 1792 896 
226 2688 1792 896 
227 1792 896 896 
228 2688 896 896 21 
4 3584 3584 3584