27 4096 1632
0 0 1504 1360 64 352
1 0 928 1296 960 32
2 0 32 1456 64 160
3 0 224 1264 448 32
4 0 16 1296 32 32
5 0 16 1328 32 32
6 0 16 1360 32 32
7 0 688 960 32 128
8 24 1360 1200 32 32
9 4 1456 1296 32 32
10 6 1352 1392 16 32
11 6 1096 1392 16 32
12 6 968 1392 16 32
13 6 840 1392 16 32
14 6 712 1392 16 32
15 9 812 1458 24 28
16 9 1324 1458 24 28
17 15 224 1344 64 64
18 18 16 1264 32 32
19 19 1520 1296 32 32
20 0 1472 1264 128 32
21 9 522 1394 24 28
22 12 624 1328 32 32
23 12 816 1328 32 32
24 12 976 1328 32 32
25 12 1168 1328 32 32
26 6 1224 1392 16 32
0 0 0 4096
1 0 0 2048
9 0 0 1024 1 2 3 4 5 6 7 12 13 14 15 17 18 21 22 23 24
10 1024 0 2048 0 1 8 9 10 11 16 19 20 25 26
11 0 1024 1024
12 1024 1024 2048
2 2048 0 4096
3 0 2048 2048
4 2048 2048 4096
