43 7168 1248
0 18 16 448 32 32
1 24 176 432 32 32
2 0 96 464 64 32
3 0 288 592 64 32
4 2 80 496 32 32
5 4 272 640 32 32
6 0 480 464 320 32
7 0 480 592 64 32
8 0 736 464 64 32
9 4 846 560 32 32
10 0 864 528 64 32
11 0 928 464 64 32
12 0 992 560 64 32
13 0 1024 432 128 32
14 0 1120 592 64 32
15 0 1280 464 128 32
16 0 1376 496 64 32
17 0 1440 560 64 32
18 19 1520 448 32 32
19 2 780 494 32 32
20 22 1520 576 32 32
21 1 1264 496 32 32
22 3 1136 640 32 32
23 0 1504 528 64 32
24 30 1488 672 32 32
25 30 1488 704 32 32
26 11 208 704 32 32
27 6 304 672 32 32
28 6 464 544 32 32
29 6 592 544 32 32
30 6 752 512 32 32
31 6 816 576 32 32
32 6 944 512 32 32
33 6 1072 480 32 32
34 6 1296 512 32 32
35 6 1360 544 32 32
36 6 1456 640 32 32
37 13 720 512 32 32
38 13 1328 512 32 32
39 5 560 736 32 32
40 5 848 640 32 32
41 5 976 704 32 32
42 5 1040 480 32 32
0 0 7168 7168 
1 0 7168 3584 
9 0 7168 1792 
73 0 7168 896 
74 896 7168 896 
75 0 3584 896 
76 896 3584 896 
10 1792 7168 1792 
81 1792 7168 896 
82 2688 7168 896 
83 1792 3584 896 
84 2688 3584 896 
11 0 3584 1792 
89 0 3584 896 
90 896 3584 896 
91 0 1792 896 
92 896 1792 896 
12 1792 3584 1792 
97 1792 3584 896 
98 2688 3584 896 
99 1792 1792 896 
100 2688 1792 896 
2 3584 7168 3584 
17 3584 7168 1792 
137 3584 7168 896 
138 4480 7168 896 
139 3584 3584 896 
140 4480 3584 896 
18 5376 7168 1792 
145 5376 7168 896 
146 6272 7168 896 
147 5376 3584 896 
148 6272 3584 896 
19 3584 3584 1792 
153 3584 3584 896 
154 4480 3584 896 
155 3584 1792 896 
156 4480 1792 896 
20 5376 3584 1792 
161 5376 3584 896 
162 6272 3584 896 
163 5376 1792 896 
164 6272 1792 896 
3 0 3584 3584 
25 0 3584 1792 
201 0 3584 896 
202 896 3584 896 
203 0 1792 896 
204 896 1792 896 
26 1792 3584 1792 
209 1792 3584 896 
210 2688 3584 896 
211 1792 1792 896 
212 2688 1792 896 
27 0 1792 1792 
217 0 1792 896 
218 896 1792 896 
219 0 896 896 40 39 37 31 30 29 28 27 26 19 10 9 8 7 6 5 4 3 2 1 0 
220 896 896 896 42 41 38 36 35 34 33 32 25 24 23 22 21 20 18 17 16 15 14 13 12 11 
28 1792 1792 1792 
4 3584 3584 3584