32 7168 1248
0 0 800 48 1120 32
1 0 1424 80 192 32
2 18 16 48 32 32
3 19 1520 48 32 32
4 30 1520 112 32 32
5 30 1520 144 32 32
6 30 1520 176 32 32
7 0 848 144 64 32
8 0 592 144 64 32
9 0 272 208 192 32
10 0 80 144 64 32
11 30 48 368 32 32
12 30 48 336 32 32
13 30 48 304 32 32
14 30 48 272 32 32
15 30 48 240 32 32
16 30 48 208 32 32
17 30 48 176 32 32
18 0 176 80 128 32
19 6 1360 112 32 32
20 11 1328 112 32 32
21 6 1296 112 32 32
22 6 1136 112 32 32
23 6 976 112 32 32
24 6 816 112 32 32
25 6 688 112 32 32
26 10 848 176 32 32
27 10 592 176 32 32
28 10 336 240 32 32
29 5 80 176 32 32
30 1 304 240 32 32
31 23 176 368 32 32
0 0 7168 7168 
1 0 7168 3584 
9 0 7168 1792 
73 0 7168 896 
74 896 7168 896 
75 0 3584 896 
76 896 3584 896 
10 1792 7168 1792 
81 1792 7168 896 
82 2688 7168 896 
83 1792 3584 896 
84 2688 3584 896 
11 0 3584 1792 
89 0 3584 896 
90 896 3584 896 
91 0 1792 896 
92 896 1792 896 
12 1792 3584 1792 
97 1792 3584 896 
98 2688 3584 896 
99 1792 1792 896 
100 2688 1792 896 
2 3584 7168 3584 
17 3584 7168 1792 
137 3584 7168 896 
138 4480 7168 896 
139 3584 3584 896 
140 4480 3584 896 
18 5376 7168 1792 
145 5376 7168 896 
146 6272 7168 896 
147 5376 3584 896 
148 6272 3584 896 
19 3584 3584 1792 
153 3584 3584 896 
154 4480 3584 896 
155 3584 1792 896 
156 4480 1792 896 
20 5376 3584 1792 
161 5376 3584 896 
162 6272 3584 896 
163 5376 1792 896 
164 6272 1792 896 
3 0 3584 3584 
25 0 3584 1792 
201 0 3584 896 
202 896 3584 896 
203 0 1792 896 
204 896 1792 896 
26 1792 3584 1792 
209 1792 3584 896 
210 2688 3584 896 
211 1792 1792 896 
212 2688 1792 896 
27 0 1792 1792 
217 0 1792 896 
218 896 1792 896 
219 0 896 896 31 30 29 28 27 26 25 24 18 17 16 15 14 13 12 11 10 9 8 7 2 0 
220 896 896 896 23 22 21 20 19 6 5 4 3 1 
28 1792 1792 1792 
4 3584 3584 3584